<?xml version="1.0"?>
<opencv_storage>
<calibration_time>"Mon Jul  5 14:05:57 2021"</calibration_time>
<nr_of_frames>15</nr_of_frames>
<image_width>1280</image_width>
<image_height>720</image_height>
<board_width>12</board_width>
<board_height>8</board_height>
<square_size>70.</square_size>
<fix_aspect_ratio>1.</fix_aspect_ratio>
<!-- flags: +fix_aspectRatio +fix_principal_point +zero_tangent_dist +fix_k4 +fix_k5 -->
<flags>6158</flags>
<fisheye_model>0</fisheye_model>
<camera_matrix type_id="opencv-matrix">
  <rows>3</rows>
  <cols>3</cols>
  <dt>d</dt>
  <data>
    4.2634370648830799e+02 0. 640. 0. 4.2634370648830799e+02 360. 0. 0.
    1.</data></camera_matrix>
<distortion_coefficients type_id="opencv-matrix">
  <rows>5</rows>
  <cols>1</cols>
  <dt>d</dt>
  <data>
    -8.7120889301828791e-02 4.5098997195142321e-02 0. 0.
    -2.2037500210122987e-02</data></distortion_coefficients>
<avg_reprojection_error>1.5200697412632120e+00</avg_reprojection_error>
<per_view_reprojection_errors type_id="opencv-matrix">
  <rows>15</rows>
  <cols>1</cols>
  <dt>f</dt>
  <data>
    1.98936331e+00 1.88579154e+00 1.71713626e+00 1.60578823e+00
    1.79797113e+00 1.83058190e+00 1.73867953e+00 1.47265768e+00
    1.28748333e+00 1.26758564e+00 1.19593811e+00 1.11285198e+00
    1.12314308e+00 1.11601460e+00 1.18439901e+00</data></per_view_reprojection_errors>
<!-- a set of 6-tuples (rotation vector + translation vector) for each view -->
<extrinsic_parameters type_id="opencv-matrix">
  <rows>15</rows>
  <cols>6</cols>
  <dt>d</dt>
  <data>
    1.6304676581340058e-01 -1.0307615127112586e-01
    -1.4619667580870063e-01 -4.9314397347343777e+02
    -4.1059380566532434e+02 5.3999073791013370e+02
    1.6914671469607892e-01 -8.7741408794298523e-02
    -1.4380079376198343e-01 -5.0157665518613976e+02
    -4.0874894882460501e+02 5.4975455734255263e+02
    1.7329183462642309e-01 -7.2794153833801292e-02
    -1.4055003306562192e-01 -5.0809916522004579e+02
    -4.0731446909889701e+02 5.5943598218284012e+02
    1.7545642328240760e-01 -5.8756989811058050e-02
    -1.3500521797938062e-01 -5.1280321667210728e+02
    -4.0737749859378602e+02 5.6862832048614086e+02
    1.7807922021866068e-01 -3.3739092555532910e-02
    -1.1854747695989466e-01 -5.1958396526220474e+02
    -4.1033215790801563e+02 5.8449879503916736e+02
    1.7595807597101853e-01 -2.2526651595723816e-02
    -1.0527988287921498e-01 -5.2212622144134116e+02
    -4.1356865327462674e+02 5.9245916895585538e+02
    1.6967300273067140e-01 -1.3538063354238005e-02
    -8.8368437728154850e-02 -5.2404803780878478e+02
    -4.1742454464206457e+02 6.0066724103413071e+02
    1.5990582899691030e-01 -8.0388735695070927e-03
    -6.7236027448531022e-02 -5.2450170947536890e+02
    -4.2203045900186129e+02 6.0902354041924832e+02
    1.3297281268412392e-01 4.6739883054210098e-02 9.7795871524856109e-02
    -4.2280342874632589e+02 -4.9767642343353486e+02
    6.5590880971701995e+02 1.3656741060510807e-01 4.8288714975362197e-02
    9.7099824942041682e-02 -4.1489314090190010e+02
    -4.9945716129123116e+02 6.5543821956008719e+02
    1.3952180576721721e-01 4.9791466228572438e-02 9.3693193386508930e-02
    -4.0827369023579558e+02 -4.9925555522854597e+02
    6.5491198925595086e+02 1.4036847829165477e-01 5.2538314010260066e-02
    9.0041215554123755e-02 -4.0245805184557400e+02
    -4.9875297241810159e+02 6.5538512844860645e+02
    1.4143390957066795e-01 5.6354994827303530e-02 8.6750059763694778e-02
    -3.9750831191876767e+02 -4.9847308054528440e+02
    6.5579911535227984e+02 1.3957732745429624e-01 5.8179673994309331e-02
    8.4147354857318682e-02 -3.9350691095521040e+02
    -4.9793957323109998e+02 6.5546830774359876e+02
    1.3918208360297518e-01 5.7686175515765173e-02 7.8794029688276299e-02
    -3.9103334455065868e+02 -4.9501357387257718e+02
    6.5342286969724466e+02</data></extrinsic_parameters>
<image_points type_id="opencv-matrix">
  <rows>15</rows>
  <cols>96</cols>
  <dt>"2f"</dt>
  <data>
    2.87244598e+02 6.36518059e+01 3.35039276e+02 5.53736305e+01
    3.85290466e+02 4.73113556e+01 4.35909393e+02 4.03657227e+01
    4.86052399e+02 3.41424026e+01 5.36364624e+02 2.86098576e+01
    5.86278503e+02 2.38298512e+01 6.34385620e+02 1.99873867e+01
    6.81123901e+02 1.66535530e+01 7.27400024e+02 1.37316055e+01
    7.70761536e+02 1.15493994e+01 8.12106567e+02 1.01175785e+01
    2.96882843e+02 1.15300903e+02 3.44491547e+02 1.06983696e+02
    3.93734924e+02 9.95285721e+01 4.43871277e+02 9.27530670e+01
    4.94098816e+02 8.60332642e+01 5.43794495e+02 8.06722107e+01
    5.92537109e+02 7.50530548e+01 6.40423462e+02 7.12080307e+01
    6.87586365e+02 6.66298370e+01 7.32464355e+02 6.34483528e+01
    7.75599060e+02 6.04449425e+01 8.16565613e+02 5.81648865e+01
    3.06371918e+02 1.66284988e+02 3.53889709e+02 1.58445038e+02
    4.03332092e+02 1.51007355e+02 4.52442657e+02 1.44560013e+02
    5.01729065e+02 1.38128494e+02 5.50466980e+02 1.31793701e+02
    5.99624878e+02 1.25771500e+02 6.46701538e+02 1.20808914e+02
    6.92776733e+02 1.16207413e+02 7.37332581e+02 1.12085762e+02
    7.79948853e+02 1.08758865e+02 8.20057373e+02 1.05378235e+02
    3.16006714e+02 2.16335052e+02 3.63526367e+02 2.09031036e+02
    4.11882233e+02 2.01961960e+02 4.60575439e+02 1.94947266e+02
    5.09375305e+02 1.87745819e+02 5.58269348e+02 1.81805939e+02
    6.06160156e+02 1.75500961e+02 6.53099121e+02 1.69913971e+02
    6.97733276e+02 1.64983429e+02 7.42472168e+02 1.60241196e+02
    7.84056152e+02 1.56014420e+02 8.24146545e+02 1.51864258e+02
    3.25699036e+02 2.65331635e+02 3.73153320e+02 2.58130463e+02
    4.20789764e+02 2.50806885e+02 4.68821014e+02 2.43883560e+02
    5.16924988e+02 2.37047745e+02 5.64798340e+02 2.30912476e+02
    6.12489685e+02 2.23772064e+02 6.58289062e+02 2.18258133e+02
    7.03630127e+02 2.12360748e+02 7.46862488e+02 2.07111786e+02
    7.88465088e+02 2.02230957e+02 8.27833923e+02 1.97080994e+02
    3.35534576e+02 3.13146759e+02 3.82340149e+02 3.06423553e+02
    4.29594269e+02 2.99270233e+02 4.77217987e+02 2.92826660e+02
    5.24421875e+02 2.85427216e+02 5.71775085e+02 2.78712036e+02
    6.18082458e+02 2.72102966e+02 6.64184265e+02 2.65628448e+02
    7.08508911e+02 2.59303467e+02 7.50983704e+02 2.53211792e+02
    7.92617371e+02 2.47218796e+02 8.32127075e+02 2.41561096e+02
    3.44799774e+02 3.60333954e+02 3.91506683e+02 3.53544617e+02
    4.37966553e+02 3.46359100e+02 4.84996948e+02 3.39439026e+02
    5.32125732e+02 3.32617950e+02 5.78139282e+02 3.25892517e+02
    6.24426514e+02 3.18732452e+02 6.70039246e+02 3.11988464e+02
    7.13494690e+02 3.04891144e+02 7.55781128e+02 2.98335175e+02
    7.96802551e+02 2.91462708e+02 8.35612427e+02 2.85629456e+02
    3.54658539e+02 4.06222687e+02 4.00610535e+02 3.99403259e+02
    4.46745941e+02 3.92406372e+02 4.92920380e+02 3.85524628e+02
    5.39033081e+02 3.78586121e+02 5.85113770e+02 3.71470978e+02
    6.30370850e+02 3.64051971e+02 6.75369934e+02 3.56955322e+02
    7.18406860e+02 3.49627106e+02 7.60499146e+02 3.42626068e+02
    8.00618225e+02 3.35432495e+02 8.39665039e+02 3.28370758e+02
    2.87315277e+02 6.97871246e+01 3.33419159e+02 6.11272736e+01
    3.82117218e+02 5.26770248e+01 4.31503418e+02 4.55861359e+01
    4.80996246e+02 3.88801308e+01 5.31319092e+02 3.29209328e+01
    5.80854919e+02 2.78344021e+01 6.28998901e+02 2.33550472e+01
    6.76754456e+02 1.95348225e+01 7.22378967e+02 1.61569271e+01
    7.66803955e+02 1.34559517e+01 8.08700745e+02 1.16502962e+01
    2.96823822e+02 1.20491386e+02 3.42932220e+02 1.12354172e+02
    3.90973663e+02 1.04605125e+02 4.40007080e+02 9.77048264e+01
    4.89284210e+02 9.08476105e+01 5.38891357e+02 8.48395309e+01
    5.87685120e+02 7.92751617e+01 6.35303711e+02 7.45831375e+01
    6.82516907e+02 6.98613281e+01 7.27659729e+02 6.61489639e+01
    7.71033020e+02 6.28109322e+01 8.12763428e+02 6.02987251e+01
    3.06433929e+02 1.70699570e+02 3.52410461e+02 1.62937378e+02
    4.00229950e+02 1.55479889e+02 4.48598053e+02 1.48559189e+02
    4.97208130e+02 1.42031937e+02 5.45740906e+02 1.35645493e+02
