<?xml version="1.0"?>
<opencv_storage>
<calibration_time>"Wed Jun 30 04:05:17 2021"</calibration_time>
<nr_of_frames>15</nr_of_frames>
<image_width>640</image_width>
<image_height>480</image_height>
<board_width>12</board_width>
<board_height>8</board_height>
<square_size>70.</square_size>
<fix_aspect_ratio>1.</fix_aspect_ratio>
<!-- flags: +fix_aspectRatio +fix_principal_point +zero_tangent_dist +fix_k4 +fix_k5 -->
<flags>6158</flags>
<fisheye_model>0</fisheye_model>
<camera_matrix type_id="opencv-matrix">
  <rows>3</rows>
  <cols>3</cols>
  <dt>d</dt>
  <data>
    5.3368467133099159e+02 0. 320. 0. 5.3368467133099159e+02 240. 0. 0.
    1.</data></camera_matrix>
<distortion_coefficients type_id="opencv-matrix">
  <rows>5</rows>
  <cols>1</cols>
  <dt>d</dt>
  <data>
    1.0183631577296211e-01 -6.7735104715374406e-01 0. 0.
    8.4581480933649966e-01</data></distortion_coefficients>
<avg_reprojection_error>1.0449172724416682e+00</avg_reprojection_error>
<per_view_reprojection_errors type_id="opencv-matrix">
  <rows>15</rows>
  <cols>1</cols>
  <dt>f</dt>
  <data>
    1.03964746e+00 1.07349646e+00 1.10243487e+00 1.07987583e+00
    1.07293832e+00 1.03345299e+00 1.01833189e+00 1.01173770e+00
    1.02878046e+00 1.03299356e+00 1.03617084e+00 1.03595924e+00
    1.02844691e+00 1.03351843e+00 1.04163361e+00</data></per_view_reprojection_errors>
<!-- a set of 6-tuples (rotation vector + translation vector) for each view -->
<extrinsic_parameters type_id="opencv-matrix">
  <rows>15</rows>
  <cols>6</cols>
  <dt>d</dt>
  <data>
    1.7963335549966328e-01 -2.6124571058332979e-01
    -1.5026244749706355e-01 -5.6255083745852960e+02
    -3.5234244935376535e+02 1.0608729558301682e+03
    1.7930471983099533e-01 -2.6085127641591682e-01
    -1.5075145547066141e-01 -5.6264810915542455e+02
    -3.5230440129115982e+02 1.0610575029465135e+03
    1.7736878923630184e-01 -2.6034886314589345e-01
    -1.5198577036509681e-01 -5.6272430189905094e+02
    -3.5233368203592960e+02 1.0621631944056558e+03
    1.7451350020780285e-01 -2.5899155295777088e-01
    -1.5233897222613060e-01 -5.6278266813398511e+02
    -3.5253244954442096e+02 1.0632076795926739e+03
    1.7600412693607842e-01 -2.6057409237776541e-01
    -1.5214667754943062e-01 -5.6221228407748254e+02
    -3.5234535940987399e+02 1.0621505347581319e+03
    1.7779473214730485e-01 -2.6039199144853903e-01
    -1.5263963134325337e-01 -5.6218532404835958e+02
    -3.5188029484450573e+02 1.0623777801419649e+03
    1.7765618526360472e-01 -2.5945903542422588e-01
    -1.5270527213187526e-01 -5.6225671261174023e+02
    -3.5177416015198173e+02 1.0634548353615467e+03
    1.7810618600317318e-01 -2.6077828464423569e-01
    -1.5260636446838963e-01 -5.6194547975982493e+02
    -3.5157005797720473e+02 1.0627869627397276e+03
    1.7795637353750901e-01 -2.6047302869157429e-01
    -1.5259991476280588e-01 -5.6202606206308224e+02
    -3.5146536674591442e+02 1.0633448366577632e+03
    1.7851842348125418e-01 -2.6086193803067431e-01
    -1.5262375550880128e-01 -5.6194124743133557e+02
    -3.5127968556319439e+02 1.0629874146081138e+03
    1.7849700706149810e-01 -2.6108349460204783e-01
    -1.5255774029148184e-01 -5.6189879730926657e+02
    -3.5128374200011757e+02 1.0629318808059061e+03
    1.7864148929545567e-01 -2.6111586306412460e-01
    -1.5255446725665706e-01 -5.6189212784420306e+02
    -3.5127484274905271e+02 1.0628918769976638e+03
    1.7581801973678793e-01 -2.6301871689617923e-01
    -1.5250924195637908e-01 -5.6194153153540776e+02
    -3.5142816986442591e+02 1.0632966645709730e+03
    1.7581918743016758e-01 -2.6334032766019178e-01
    -1.5248794845509492e-01 -5.6188969562215993e+02
    -3.5143917010432796e+02 1.0631939706912299e+03
    1.7457174643755585e-01 -2.6360835880775096e-01
    -1.5219059186730530e-01 -5.6183688466392414e+02
    -3.5156899521770623e+02 1.0630849332874454e+03</data></extrinsic_parameters>
<image_points type_id="opencv-matrix">
  <rows>15</rows>
  <cols>96</cols>
  <dt>"2f"</dt>
  <data>
    4.04454041e+01 6.53376999e+01 7.57033386e+01 6.14568062e+01
    1.10744003e+02 5.77385406e+01 1.45651688e+02 5.39610443e+01
    1.79823639e+02 5.06469574e+01 2.13578995e+02 4.77382393e+01
    2.46424942e+02 4.45903816e+01 2.78397583e+02 4.18778381e+01
    3.08825836e+02 3.95061913e+01 3.37942261e+02 3.66508102e+01
    3.66207001e+02 3.45583801e+01 3.92609009e+02 3.24891090e+01
    4.81534424e+01 1.00216728e+02 8.25416718e+01 9.62290497e+01
    1.17080849e+02 9.25438461e+01 1.51579559e+02 8.86962051e+01
    1.85795624e+02 8.47778397e+01 2.18691452e+02 8.14191742e+01
    2.51179703e+02 7.81275558e+01 2.82454346e+02 7.47308426e+01
    3.12567535e+02 7.18040237e+01 3.41325867e+02 6.90055237e+01
    3.69279938e+02 6.58844299e+01 3.95214661e+02 6.34830780e+01
    5.55408478e+01 1.34303207e+02 8.95498428e+01 1.30176453e+02
    1.23736275e+02 1.26268166e+02 1.57693298e+02 1.22414948e+02
    1.91276398e+02 1.18319443e+02 2.23832153e+02 1.14647522e+02
    2.55701691e+02 1.10766151e+02 2.86615204e+02 1.06928886e+02
    3.16259064e+02 1.03630981e+02 3.44730804e+02 1.00207039e+02
    3.72100372e+02 9.68507309e+01 3.97789001e+02 9.37360306e+01
    6.24447403e+01 1.67761536e+02 9.62047348e+01 1.63681793e+02
    1.30106842e+02 1.59333862e+02 1.63614288e+02 1.55511169e+02
    1.96563049e+02 1.51020859e+02 2.29046982e+02 1.47168671e+02
    2.60265839e+02 1.42632553e+02 2.90783142e+02 1.38469925e+02
    3.19986115e+02 1.34688751e+02 3.48383301e+02 1.30867493e+02
    3.74952698e+02 1.27030891e+02 4.00945801e+02 1.23332367e+02
    6.89563675e+01 2.00651611e+02 1.02486404e+02 1.96279312e+02
    1.35920532e+02 1.92082794e+02 1.69430603e+02 1.87151230e+02
    2.01875900e+02 1.82928543e+02 2.33923340e+02 1.78044556e+02
    2.64835266e+02 1.73799789e+02 2.94867279e+02 1.69566177e+02
    3.23561737e+02 1.65123001e+02 3.51553986e+02 1.60838394e+02
    3.78293793e+02 1.56385742e+02 4.03590454e+02 1.52337036e+02
    7.54383545e+01 2.32446396e+02 1.08549591e+02 2.28159378e+02
    1.42089981e+02 2.23665833e+02 1.74886154e+02 2.18943527e+02
    2.07142044e+02 2.14099167e+02 2.38649384e+02 2.09535187e+02
    2.69056335e+02 2.04727036e+02 2.98852478e+02 1.99653168e+02
    3.27387604e+02 1.94791748e+02 3.54797760e+02 1.90027008e+02
    3.81336273e+02 1.85566925e+02 4.06605103e+02 1.80818268e+02
    8.15687790e+01 2.63790131e+02 1.14791046e+02 2.59384949e+02
    1.47729858e+02 2.54465958e+02 1.80229568e+02 2.49707184e+02
    2.11813705e+02 2.44709137e+02 2.43079453e+02 2.39225800e+02
    2.73623535e+02 2.34280014e+02 3.02799622e+02 2.29377502e+02
    3.31054596e+02 2.24060837e+02 3.58319336e+02 2.18593796e+02
    3.84375244e+02 2.13465134e+02 4.09799622e+02 2.08738937e+02
    8.76333847e+01 2.94921051e+02 1.20687141e+02 2.90012817e+02
    1.53480179e+02 2.84585022e+02 1.85379074e+02 2.79790527e+02
    2.17235062e+02 2.74389404e+02 2.47504623e+02 2.69027527e+02
    2.77627502e+02 2.63547180e+02 3.06730804e+02 2.58053772e+02
    3.34709015e+02 2.52564987e+02 3.61723999e+02 2.47091003e+02
    3.87726990e+02 2.41491760e+02 4.12857727e+02 2.36027557e+02
    4.05068703e+01 6.53367691e+01 7.57033386e+01 6.14558525e+01
    1.10723885e+02 5.77350349e+01 1.45636337e+02 5.39091759e+01
    1.79858307e+02 5.06605873e+01 2.13578995e+02 4.77382393e+01
    2.46424942e+02 4.45903816e+01 2.78397583e+02 4.18778381e+01
    3.08694824e+02 3.88713646e+01 3.37968689e+02 3.66509209e+01
    3.66257843e+02 3.43288689e+01 3.92615997e+02 3.24805183e+01
    4.81861801e+01 1.00226402e+02 8.25028915e+01 9.58780670e+01
    1.17050278e+02 9.25157700e+01 1.51579559e+02 8.86962051e+01
    1.85795624e+02 8.47778397e+01 2.18744522e+02 8.14295044e+01
    2.51240494e+02 7.81705322e+01 2.82476288e+02 7.48058548e+01
    3.12581482e+02 7.17931671e+01 3.41195007e+02 6.83799973e+01
    3.69279938e+02 6.58844299e+01 3.95249023e+02 6.34767838e+01
    5.55200195e+01 1.34305023e+02 8.95498428e+01 1.30176453e+02
    1.23760567e+02 1.26306847e+02 1.57727173e+02 1.22471748e+02
